CBRank(Company)	NumberofArticles	NumberofFounders	NumberofFundingRounds	LastFundingAmountCurrency(inUSD)	LastEquityFundingAmountCurrency(inUSD)	TotalEquityFundingAmountCurrency(inUSD)	TotalFundingAmountCurrency(inUSD)	NumberofLeadInvestors	NumberofInvestors	NumberofEvents	CBRank(Organization)	BuiltWith-ActiveTechCount	G2Stack-TotalProductsActive	minEstimatedRevenueRange	maxEstimatedRevenueRange	minNumberEmployees	maxNumberEmployees	isCompanyTypeForProfit	isCompanyPrivate	hasWebsite	hasTwitter	hasFacebook	hasLinkedIn	hasContactEmail	hasPhoneNumber	isOperating	isInTop100
1.457	8	5	7	35000000	35000000	57649998	58174998	3	12	0	1.575	62	10	1000000	10000000	101	250	1	1	1	1	1	1	1	0	1	1
2.462	7	2	3	6000000	6000000	8540000	8540000	1	6	0	2.632	26	0	0	0	2000	5000	1	1	1	0	1	0	0	0	1	0
3.109	12	4	2	2100000	2100000	2100000	2100000	1	13	0	3.311	7	0	0	0	2000	5000	1	1	1	1	1	1	1	0	1	0
3.449	4	2	12	6500000	6500000	10550000	29092905	3	5	0	3.661	47	10	1000000	10000000	51	100	1	1	1	1	1	1	1	1	1	1
3.607	2	4	4	1200000	1200000	2065000	2105000	1	7	0	3.824	44	33	0	1000000	51	100	1	1	1	1	1	1	1	0	1	0
4.354	10	2	4	3700000	3700000	9425000	9425000	0	0	0	4.602	47	15	1000000	10000000	2000	5000	1	1	1	1	1	1	1	1	1	0
5.562	8	3	3	22500000	22500000	39000000	39000000	3	26	0	5.855	57	0	0	1000000	251	500	1	1	1	1	1	1	1	1	1	1
6.199	19	3	3	12000000	12000000	25000000	25000000	4	9	0	6.525	88	5	50000000	100000000	101	250	1	1	1	0	1	1	1	1	1	1
7.387	2	2	2	10000000	10000000	15500000	15500000	2	15	0	7.77	30	0	1000000	10000000	2000	5000	1	1	1	1	1	1	1	1	1	1
7.499	6	3	2	5250000	5250000	6477000	6477000	3	9	0	7.884	32	0	1000000	10000000	2000	5000	1	1	1	1	1	1	1	0	1	1
7.739	93	3	9	300000000	300000000	1692005447	1692005447	8	38	2	8.134	66	39	10000000	50000000	5001	10000	1	1	1	1	1	1	1	0	1	1
8.657	7	2	4	16000000	15000000	20000000	36000000	2	3	0	9.099	13	0	0	1000000	501	1000	1	1	1	0	0	1	1	0	1	0
9.826	1	2	3	30000000	0	0	30000000	2	3	0	10.301	6	18	1000000	10000000	101	250	1	1	1	0	0	1	1	1	1	1
10.269	1	3	1	4000000	4000000	4000000	4000000	1	2	0	10.758	32	0	0	0	101	250	1	1	1	1	1	1	1	1	1	0
10.777	10	3	4	200000000	1600000	1650000	201650000	2	2	0	11.276	17	0	1000000	10000000	101	250	1	1	1	1	1	1	1	1	1	0
11.647	2	2	4	7000000	7000000	7000000	7000000	1	10	0	12.179	53	0	0	0	2000	5000	1	1	1	0	1	1	1	1	1	0
12.053	3	0	2	20000000	0	0	145000000	3	3	0	12.604	32	0	0	0	251	500	1	1	1	1	1	1	1	1	1	0
12.766	14	2	6	5500000	5500000	10000000	12000000	1	1	0	13.344	14	0	1000000	10000000	51	100	1	1	1	1	1	1	1	1	1	1
13.445	7	1	5	3300000	3300000	5290000	5290000	2	2	0	14.048	29	0	0	1000000	101	250	1	1	1	0	1	1	1	1	1	0
13.719	0	1	1	2000000	2000000	2000000	2000000	0	21	0	14.332	0	0	0	0	2000	5000	1	1	0	0	1	1	1	1	1	0
13.776	1	2	4	1319970	750000	1300000	2619970	0	1	0	14.39	29	0	0	1000000	51	100	1	1	1	1	1	1	1	1	1	0
13.927	1	0	1	75000000	0	0	75000000	0	0	0	14.546	31	0	1000000000	10000000000	251	500	1	1	1	0	0	1	1	0	1	1
14.245	6	4	3	3300000	3300000	3450000	3450000	3	6	0	14.871	57	0	1000000	10000000	2000	5000	1	1	1	0	0	1	1	0	1	1
14.676	7	1	2	8700000	8700000	10000000	10000000	2	7	0	15.318	20	9	0	1000000	101	250	1	1	1	0	1	1	1	1	1	0
14.873	10	1	3	9000000	9000000	15000000	15000000	2	6	1	15.52	21	0	0	1000000	2000	5000	1	1	1	1	1	1	1	1	1	1
16.267	2	3	2	1000000	1000000	1300000	1300000	0	1	0	16.957	35	0	0	0	2000	5000	1	1	1	1	0	1	0	0	1	0
16.658	5	2	6	6500000	6500000	8800000	24000000	0	11	0	17.357	37	0	0	1000000	2000	5000	1	1	1	1	1	1	1	1	1	1
16.769	7	1	5	4500000	4500000	7000000	7496821	1	4	0	17.475	26	11	0	1000000	101	250	1	1	1	1	1	1	1	1	1	0
16.902	2	0	1	3000000	3000000	3000000	3000000	1	2	0	17.611	0	0	0	0	2000	5000	0	1	1	0	0	1	0	0	1	0
17.846	2	3	4	5200000	5200000	13700000	13700000	2	5	0	18.586	29	24	1000000	10000000	51	100	1	1	1	1	1	0	1	0	1	1
18.626	0	2	4	3000000	3500000	5950000	8950000	3	4	1	19.393	33	0	1000000	10000000	101	250	1	1	1	0	1	1	1	1	1	1
19.798	1	3	5	150000	150000	150000	459229	1	8	0	20.595	58	0	0	1000000	2000	5000	1	1	1	0	1	1	1	0	1	1
19.938	6	2	3	4009897	4009897	5495697	5495697	0	0	3	20.74	12	0	1000000	10000000	101	250	1	1	1	0	1	1	1	1	1	0
20.112	6	3	3	18000000	18000000	18000000	20500000	0	3	0	20.917	74	15	0	0	51	100	1	1	1	0	0	1	0	0	1	1
20.361	4	0	1	343700000	343700000	343700000	343700000	1	1	0	21.173	46	26	1000000	10000000	101	250	1	1	1	1	1	1	0	0	1	0
20.51	6	6	3	9000000	9000000	17200000	17200000	2	3	0	21.33	4	0	1000000	10000000	101	250	1	1	1	1	1	1	0	0	1	0
20.53	4	1	5	3000000	3000000	3500000	3500000	1	4	2	21.352	31	7	0	1000000	2000	5000	1	1	1	1	1	1	1	0	1	1
21.389	16	3	4	40000000	40000000	47700000	47700000	2	2	0	22.25	9	9	0	0	251	500	1	1	1	1	1	1	1	0	1	0
22.456	3	2	1	2500000	2500000	2500000	2500000	0	6	0	23.357	28	0	10000000	50000000	101	250	1	1	1	1	1	1	1	0	1	0
23	1	2	2	300000	300000	2200000	2200000	1	6	0	23.919	38	0	1000000	10000000	51	100	1	1	1	0	1	1	1	0	1	1
24.031	4	1	2	2275354	2275354	6275354	6275354	2	6	0	24.979	74	0	1000000	10000000	2000	5000	1	1	1	1	1	1	0	0	1	0
27.425	7	1	1	1335	1335	1335	1335	0	0	9	28.495	15	0	0	0	1000	2000	1	0	1	1	1	1	1	1	1	0
27.817	4	4	5	1300000	1300000	4110000	4110000	0	3	0	28.897	20	0	10000000	50000000	51	100	1	1	1	1	1	1	1	1	1	1
27.856	1	3	1	680000	680000	680000	680000	0	2	0	28.938	26	0	0	0	2000	5000	1	1	1	1	1	1	0	1	1	1
27.984	0	0	1	129564	129564	129564	129564	1	1	0	29.07	22	0	1000000	10000000	1000	2000	0	1	1	0	0	1	0	0	1	0
28.256	0	0	1	1200000	1200000	1200000	1200000	0	1	0	29.346	9	0	0	0	2000	5000	1	1	1	0	0	1	1	0	1	0
28.689	0	0	1	1500000	1500000	1500000	1500000	1	1	0	29.79	34	0	0	0	2000	5000	1	1	1	0	0	0	0	0	1	0
28.894	5	2	3	1200000	1200000	1820000	1820000	0	0	3	30.002	52	0	0	1000000	2000	5000	1	1	1	1	1	1	1	1	1	0
29.826	0	1	3	30000	30000	530000	530000	3	6	0	30.964	41	0	1000000	10000000	2000	5000	1	1	1	1	1	1	1	1	1	0
30.451	3	1	2	500000	500000	870000	870000	1	1	0	31.601	44	0	0	0	2000	5000	1	1	1	1	1	1	1	1	1	0
30.901	29	3	4	2000000	2000000	11700000	11700000	1	2	2	32.059	49	15	1000000	10000000	51	100	1	1	1	1	1	1	1	1	1	0
31.14	3	3	3	1300000	1300000	2800000	2800000	0	1	0	32.306	13	0	1000000	10000000	51	100	1	1	1	0	0	0	1	0	1	0
32.289	9	1	3	25000000	25000000	37000000	37000000	3	8	0	33.502	63	0	1000000	10000000	101	250	1	1	1	0	1	1	1	0	1	1
33.483	47	0	1	2000000000	0	0	2000000000	2	2	1	34.742	13	11	0	0	10000	99999	1	0	1	1	1	1	1	0	1	0
34.01	7	4	5	15000000	15000000	31300000	31300000	2	9	0	35.285	51	0	0	1000000	2000	5000	1	1	1	1	0	1	1	1	1	0
34.726	5	0	1	50000000	50000000	50000000	50000000	0	1	0	36.024	44	0	10000000	50000000	501	1000	1	1	1	0	0	0	0	0	1	0
34.762	2	1	1	100000	100000	100000	100000	0	0	0	36.062	28	0	0	0	1000	2000	1	1	1	0	0	0	1	0	1	0
34.928	5	3	2	1000000	1000000	1000000	1000000	0	2	1	36.232	56	26	0	1000000	2000	5000	1	1	1	1	1	1	1	1	1	1
37.673	0	0	1	2200000	2200000	2200000	2200000	0	0	0	39.068	23	0	0	0	2000	5000	1	1	1	0	0	1	0	0	1	0
39.617	2	3	4	2000000	2000000	2000000	2000000	1	3	0	41.078	28	0	0	0	2000	5000	1	1	1	1	1	1	1	0	1	0
41.465	1	0	1	420675	420675	420675	420675	1	1	0	42.989	11	0	1000000	10000000	2000	5000	1	1	1	0	0	0	0	0	1	0
42.371	0	0	1	43461	43461	43461	43461	0	1	0	43.931	17	0	0	0	1000	2000	1	1	1	0	1	1	1	1	1	0
42.523	0	0	1	600000	600000	600000	600000	1	5	0	44.09	0	0	0	0	2000	5000	1	1	1	0	1	1	1	1	1	0
43.154	0	1	5	46913	46913	125629	125629	0	0	0	44.749	68	0	0	0	1000	2000	1	1	1	1	1	1	1	1	1	0
44.001	0	0	2	200000	200000	235383	235383	0	2	0	45.617	1	0	0	0	0	0	1	1	1	0	0	0	0	0	1	0
44.183	5	0	1	76000	0	0	76000	0	0	2	45.803	82	0	0	0	51	100	1	1	1	1	1	1	1	0	1	0
45.297	2	1	4	2600000	2600000	3557000	3557000	1	1	0	46.957	30	15	1000000	10000000	2000	5000	1	1	1	1	1	0	1	1	1	0
46.283	0	3	1	200000	200000	200000	200000	0	1	0	47.979	12	0	0	1000000	1000	2000	1	1	1	0	1	0	1	0	1	1
46.937	0	0	1	247000000	247000000	247000000	247000000	1	1	0	48.658	51	0	50000000	100000000	5001	10000	1	1	1	0	0	1	1	0	1	0
47.378	0	3	2	150000	150000	150000	150000	0	2	0	49.116	53	19	1000000	10000000	1000	2000	1	1	1	1	1	1	0	0	1	0
47.534	6	1	2	700000	700000	910000	910000	1	2	0	49.279	43	20	0	0	2000	5000	1	1	1	0	1	1	1	1	1	0
47.641	0	1	2	34000000	34000000	34000000	34000000	2	2	0	49.391	25	16	1000000000	10000000000	10000	99999	1	1	1	1	1	1	1	0	1	0
47.703	9	4	2	20000000	20000000	46500000	46500000	1	5	0	49.456	13	10	500000000	1000000000	501	1000	1	1	1	0	1	0	1	1	1	0
49.057	5	2	1	100000000	100000000	100000000	100000000	0	0	0	50.861	31	0	10000000	50000000	2000	5000	1	0	1	0	1	1	1	1	1	0
49.411	13	3	4	110000	110000	330000	490000	2	2	0	51.231	15	16	1000000	10000000	2000	5000	1	1	1	0	0	1	1	1	1	0
49.572	1	2	1	500000	500000	500000	500000	0	0	0	51.398	32	0	1000000	10000000	51	100	1	1	1	0	0	1	1	1	1	0
50.15	8	1	2	300000	300000	550000	550000	1	2	0	51.994	3	0	0	0	2000	5000	1	1	1	0	1	1	1	1	1	0
51.145	1	2	2	1000000	1000000	1000000	1000000	0	1	0	53.036	30	0	10000000	50000000	1000	2000	1	1	1	0	1	1	1	1	1	0
51.821	0	2	4	181026	55672	270586	451612	1	3	0	53.735	10	14	0	1000000	2000	5000	1	1	1	1	0	0	1	1	1	0
51.849	3	2	1	400000	400000	400000	400000	0	1	0	53.763	80	0	0	0	2000	5000	1	1	1	1	1	1	1	0	1	1
52.458	22	3	3	34849	171724	171724	321162	0	1	0	54.402	27	12	1000000	10000000	2000	5000	1	1	1	1	1	1	1	0	1	0
52.459	1	0	2	295000	295000	375000	375000	0	4	0	54.403	45	21	0	0	1000	2000	1	1	1	0	1	1	1	1	1	1
52.87	0	2	2	600000	400000	400000	1000000	1	1	0	54.83	12	20	0	0	2000	5000	1	1	1	1	1	1	1	0	1	0
52.981	2	2	1	500000	500000	500000	500000	1	1	0	54.946	41	0	0	0	2000	5000	1	1	1	1	1	1	1	1	1	0
54.43	0	3	1	150000	150000	150000	150000	0	1	4	56.453	89	0	1000000	10000000	2000	5000	1	1	1	1	1	1	1	1	1	1
54.984	6	0	1	1100000000	1100000000	1100000000	1100000000	1	1	0	57.036	46	0	0	0	251	500	1	1	1	0	0	0	0	0	1	0
56.125	2	0	1	50000	50000	50000	50000	0	1	0	58.219	65	34	1000000	10000000	2000	5000	1	1	1	0	0	0	1	1	1	0
56.527	1	0	2	6500000	0	0	6500000	1	1	0	58.644	48	0	0	1000000	501	1000	0	1	1	0	0	1	1	1	1	0
56.661	2	3	5	300000	300000	3000000	3000000	1	1	0	58.786	36	18	0	1000000	2000	5000	1	1	1	1	1	0	1	1	1	0
56.725	0	1	1	100000	100000	100000	100000	0	1	0	58.853	43	0	1000000	10000000	2000	5000	1	1	1	1	1	1	1	1	1	0
57.422	0	2	1	180000	180000	180000	180000	0	1	1	59.582	17	0	0	1000000	1000	2000	1	1	1	1	1	1	1	1	1	0
58.531	0	3	2	35000	15000	15000	50000	1	1	0	60.731	0	0	0	0	1000	2000	1	1	1	1	1	1	1	1	1	0
58.756	0	3	5	531776	531776	579561	975113	1	2	0	60.963	9	12	0	1000000	2000	5000	1	1	1	1	1	0	1	1	1	0
60.16	0	0	1	65000	65000	65000	65000	0	0	0	62.425	34	0	0	0	1000	2000	1	1	1	1	0	1	1	0	1	0
60.274	9	5	4	345000	400000	400000	875000	1	6	0	62.545	42	13	1000000	10000000	2000	5000	1	1	1	1	1	1	0	0	1	0
60.619	3	2	2	1850000	1850000	2100000	2100000	1	3	0	62.902	37	0	1000000	10000000	2000	5000	1	1	1	1	1	1	1	1	1	0
61.087	0	2	2	300000	300000	380000	380000	1	2	0	63.385	48	0	0	0	2000	5000	1	1	1	1	1	1	1	1	1	0
61.337	1	1	1	736749	0	0	736749	1	1	0	63.648	24	0	0	1000000	2000	5000	1	0	1	1	1	1	1	1	1	0
61.611	0	1	1	450000	450000	450000	450000	0	1	1	63.931	12	0	0	0	2000	5000	1	1	1	0	0	1	1	1	1	0
61.763	3	5	2	200000	200000	300000	300000	0	2	0	64.093	4	0	0	1000000	1000	2000	1	1	1	0	1	1	1	1	1	0
62.567	0	3	1	850000	850000	850000	850000	1	5	0	64.93	41	17	1000000	10000000	2000	5000	1	1	1	1	1	1	1	1	1	0
65.472	0	6	2	266000	266000	341000	341000	0	1	0	67.955	33	0	0	0	2000	5000	1	1	1	1	1	1	1	1	1	0
66.708	0	1	2	100000	100000	200000	200000	1	2	0	69.25	24	0	0	0	1000	2000	1	1	1	1	1	1	1	1	1	0
66.712	0	1	5	48078	49917	49917	442452	1	2	0	69.254	16	0	0	1000000	1000	2000	1	1	1	1	1	1	1	1	1	0
67.124	0	2	1	1558352	0	0	1558352	1	1	0	69.687	34	0	0	1000000	2000	5000	1	1	1	1	1	1	1	1	1	0
67.84	9	1	1	2203300	2203300	2203300	2203300	1	1	0	70.433	18	0	1000000	10000000	1000	2000	1	1	1	0	0	0	0	0	1	0
68.412	0	0	1	100000	100000	100000	100000	0	1	0	71.023	26	0	0	0	1000	2000	1	1	1	1	1	1	1	1	1	0
68.493	1	3	1	200000	200000	200000	200000	0	0	0	71.108	22	0	0	0	2000	5000	1	1	1	0	0	0	1	1	1	0
68.79	0	2	1	100000	100000	100000	100000	0	0	0	71.421	48	0	0	0	1000	2000	1	1	1	1	0	1	1	1	1	0
68.942	0	2	1	500000	500000	500000	500000	1	1	1	71.578	8	0	0	0	2000	5000	1	1	1	0	1	1	1	1	1	0
69.157	0	3	1	300000	300000	300000	300000	0	0	0	71.804	45	0	0	1000000	2000	5000	1	1	1	0	1	1	1	1	1	0
69.305	0	1	1	300000	300000	300000	300000	0	1	0	71.958	32	0	0	0	2000	5000	1	1	1	0	1	1	1	1	1	0
70.004	4	1	1	150000	150000	150000	150000	0	1	0	72.692	26	0	0	0	1000	2000	1	1	1	1	1	1	1	1	1	0
70.514	0	0	3	330000	330000	1160000	1160000	0	0	0	73.227	11	0	0	0	2000	5000	1	1	1	0	1	0	1	1	1	0
71.183	0	4	1	500000	500000	500000	500000	0	0	0	73.939	52	0	0	0	2000	5000	1	1	1	0	1	1	1	1	1	0
72.024	0	2	1	145000	145000	145000	145000	0	0	0	74.822	6	0	0	0	1000	2000	1	1	1	0	1	0	1	0	1	0
73.323	10	3	1	150000	0	0	150000	0	0	2	76.187	34	0	0	0	1000	2000	1	1	1	1	1	1	1	1	1	0
73.571	0	1	1	270000	270000	270000	270000	0	0	0	76.45	37	18	0	0	2000	5000	1	1	1	1	1	1	1	1	1	0
74.99	0	3	2	700000	700000	700000	800000	1	4	0	77.935	6	0	0	1000000	2000	5000	1	1	1	1	1	1	1	1	0	0
76.34	0	4	2	250000	250000	600000	600000	0	0	0	79.36	17	0	0	0	2000	5000	1	1	1	0	1	1	1	1	1	0
76.394	0	3	2	200000	200000	250000	250000	0	0	0	79.414	12	0	0	0	2000	5000	1	1	1	1	1	1	1	1	1	0
77.461	0	2	1	47784	47784	47784	47784	1	1	0	80.536	7	0	0	0	1000	2000	1	1	1	1	1	0	0	0	1	0
77.728	0	1	2	400000	400000	600000	600000	0	0	0	80.82	11	0	0	0	2000	5000	1	1	1	0	1	1	1	0	1	0
79.232	0	1	2	60000	60000	60000	140000	0	3	0	82.41	23	0	0	0	1000	2000	1	1	1	0	1	1	1	1	1	0
79.311	0	3	2	40000	40000	87950	87950	1	2	0	82.496	20	11	0	1000000	1000	2000	1	1	1	1	1	1	1	1	1	0
79.315	1	2	1	300000	300000	300000	300000	1	1	0	82.501	22	0	0	0	1000	2000	1	1	1	0	1	1	0	0	1	0
79.524	0	1	1	1000000	1000000	1000000	1000000	0	2	0	82.724	50	0	0	0	2000	5000	1	1	1	1	1	1	1	1	1	0
79.604	0	0	2	15000	15000	55000	55000	0	1	0	82.807	32	0	0	0	1000	2000	1	1	1	0	0	0	1	0	1	0
80.061	0	0	1	5000000	5000000	5000000	5000000	0	0	0	83.295	11	0	0	0	1000	2000	1	1	1	1	1	1	1	0	1	0
82.081	0	1	1	40000	40000	40000	40000	1	1	0	85.448	63	22	0	1000000	1000	2000	1	1	1	1	1	1	1	1	1	0
82.336	5	3	1	150000	150000	150000	150000	1	2	1	85.714	43	12	0	0	1000	2000	1	1	1	0	0	1	1	0	1	0
82.891	0	2	2	635000	635000	815000	815000	0	0	0	86.298	38	23	1000000	10000000	51	100	1	1	1	1	1	1	1	1	1	0
83.273	0	0	1	180000	180000	180000	180000	0	1	0	86.702	12	0	0	0	1000	2000	1	1	1	1	0	1	1	1	1	0
84.488	1	3	1	85000	85000	85000	85000	1	1	0	87.994	30	0	0	0	1000	2000	1	1	1	0	1	1	1	1	1	0
84.869	0	2	1	185000	185000	185000	185000	0	0	0	88.396	47	0	0	0	1000	2000	1	1	1	0	1	1	1	1	1	0
86.719	2	3	1	120000	120000	120000	120000	1	1	1	90.344	19	0	0	0	1000	2000	1	1	1	0	1	1	0	1	1	0
88.253	0	1	1	150000	150000	150000	150000	1	1	0	91.961	50	0	0	1000000	2000	5000	1	1	1	1	1	1	1	1	1	0
88.906	6	0	1	50000	0	0	50000	0	1	0	92.657	24	28	1000000	10000000	1000	2000	1	1	1	1	1	0	1	1	1	0
88.983	0	5	5	330000	330000	1241000	1241000	1	2	0	92.736	19	10	0	0	2000	5000	1	1	1	1	1	1	1	1	1	0
89.639	1	1	1	166534	166534	166534	166534	0	0	0	93.421	10	0	0	0	1000	2000	1	1	1	0	1	0	1	0	1	0
89.738	1	3	2	48078	0	0	85686	0	1	0	93.525	10	12	1000000	10000000	1000	2000	1	1	1	1	1	0	1	0	1	0
89.806	0	2	1	4000000	4000000	4000000	4000000	1	1	0	93.595	7	0	10000000	50000000	101	250	1	1	1	1	1	1	1	1	1	0
90.017	1	5	1	47784	47784	47784	47784	1	1	0	93.827	1	0	0	1000000	1000	2000	1	1	1	1	1	1	1	1	1	0
90.25	0	0	1	150000	150000	150000	150000	0	0	0	94.07	14	0	0	0	2000	5000	1	1	1	0	0	0	1	0	1	0
90.335	0	2	2	40000	40000	80000	80000	1	1	0	94.157	25	0	0	0	1000	2000	1	1	1	0	1	1	1	0	1	0
91.104	5	3	2	110000	110000	150000	150000	0	1	1	94.97	42	0	1000000	10000000	1000	2000	1	1	1	1	1	1	1	1	1	0
92.011	0	3	5	132547	129903	229667	402215	1	1	0	95.936	3	10	0	0	1000	2000	1	1	1	1	1	1	1	1	1	0
92.6	0	2	1	300000	300000	300000	300000	0	0	0	96.561	52	24	0	1000000	1000	2000	1	1	1	1	1	1	1	1	1	0
92.821	0	2	1	27000	27000	27000	27000	0	0	0	96.793	15	0	0	0	1000	2000	1	1	1	0	0	1	1	0	1	0
92.975	6	2	5	1000	35000	42250	47950	1	4	1	96.953	11	0	0	0	1000	2000	1	1	1	0	0	0	1	0	1	0
94.451	3	1	1	40000	40000	40000	40000	0	1	0	98.501	19	0	0	0	1000	2000	1	1	1	1	1	1	1	0	1	0
94.598	0	0	1	250000	0	0	250000	1	1	0	98.655	10	0	0	1000000	101	250	1	1	1	0	1	0	1	1	1	0
95.844	0	0	2	158005	47279	47279	205284	1	1	0	99.958	0	0	0	1000000	1000	2000	1	1	1	0	1	1	1	1	1	0
96.267	0	0	1	20000	20000	20000	20000	0	0	1	100.415	27	7	0	0	1000	2000	1	1	1	1	1	0	1	1	1	0
96.984	0	0	2	25000	25000	50000	50000	1	1	0	101.174	16	0	0	0	1000	2000	1	1	1	0	0	0	1	0	1	0
97.116	0	0	1	46913	46913	46913	46913	1	1	0	101.314	1	0	0	0	0	0	1	1	1	1	1	0	0	0	0	0
98.362	1	1	1	100000	0	0	100000	0	1	0	102.641	11	14	0	1000000	1000	2000	1	1	1	0	0	1	0	0	1	0
98.447	0	1	1	150000	150000	150000	150000	0	0	0	102.731	27	0	0	0	1000	2000	1	1	1	0	0	1	0	1	1	0
98.796	0	3	2	291259	291259	291259	372750	1	1	0	103.096	4	0	10000000	50000000	1000	2000	1	1	1	1	1	1	1	1	1	0
99.483	0	1	1	10000	10000	10000	10000	1	1	0	103.82	52	0	0	0	1000	2000	1	1	1	1	1	1	1	1	1	0
99.834	0	1	1	250000	250000	250000	250000	1	1	0	104.191	25	0	0	0	2000	5000	1	1	1	0	1	1	1	1	1	0
100.448	0	1	2	25000	25000	35000	35000	1	1	0	104.847	39	0	0	0	1000	2000	1	1	1	0	1	1	1	1	1	0
100.72	4	2	1	260000	260000	260000	260000	0	0	1	105.146	8	0	0	0	1000	2000	1	1	1	1	1	1	1	0	1	0
101.673	7	1	2	300000	300000	450000	450000	0	1	0	106.166	17	0	0	0	2000	5000	1	1	1	1	0	1	1	1	1	0
102.405	1	2	1	288000	288000	288000	288000	0	0	0	106.941	8	13	0	0	2000	5000	1	1	1	1	1	1	1	0	1	0
102.664	5	2	2	325000	325000	650000	650000	0	0	0	107.224	15	4	1000000	10000000	1000	2000	1	1	1	1	0	1	1	1	1	0
104.898	0	1	3	280000	280000	500000	500000	0	1	0	109.603	8	0	1000000	10000000	2000	5000	1	1	1	1	1	0	0	0	1	0
106.498	0	3	1	1000000	1000000	1000000	1000000	0	0	0	111.319	19	4	0	0	1000	2000	1	1	1	1	0	0	1	1	1	0
108.875	0	1	1	50000	50000	50000	50000	1	2	0	113.868	51	16	0	0	1000	2000	1	1	1	0	1	1	1	1	1	0
111.307	1	1	1	64000	64000	64000	64000	0	1	0	116.487	29	0	0	0	2000	5000	1	1	1	1	1	0	1	0	1	0
111.437	0	1	1	150000	150000	150000	150000	0	0	0	116.628	1	0	0	0	1000	2000	1	1	1	1	1	1	1	1	1	0
112.555	0	1	1	800000	800000	800000	800000	0	0	0	117.806	0	0	0	0	2000	5000	1	1	1	0	0	1	1	1	1	0
115.144	0	0	1	70000	70000	70000	70000	0	0	0	120.582	31	0	0	1000000	1000	2000	1	1	1	0	1	0	1	0	1	0
117.499	0	0	1	120807	120807	120807	120807	0	1	0	123.121	5	0	0	0	2000	5000	1	1	1	0	1	0	0	0	1	0
118.191	0	1	1	170000	170000	170000	170000	0	1	0	123.858	23	0	0	0	1000	2000	1	1	1	1	1	1	1	1	1	0
119.972	0	1	1	10000	10000	10000	10000	1	1	0	125.77	29	0	0	0	1000	2000	1	1	1	0	1	1	1	1	1	0
120.5	0	0	2	230000	20000	20000	250000	0	0	0	126.33	21	0	1000000	10000000	1000	2000	1	1	1	1	1	1	1	1	1	0
121.39	0	3	1	24659	24659	24659	24659	0	0	0	127.29	19	0	0	0	1000	2000	1	1	1	0	0	0	1	1	1	0
121.924	0	2	3	200000	200000	275000	275000	1	1	0	127.864	0	0	0	1000000	1000	2000	1	1	0	1	0	0	1	1	1	0
125.366	0	2	2	40000	40000	60000	60000	0	2	0	131.586	11	9	0	1000000	1000	2000	1	1	1	1	1	0	1	0	1	0
125.927	0	2	1	7000	7000	7000	7000	0	0	0	132.182	52	0	0	0	1000	2000	1	1	1	0	1	0	1	1	1	0
127.987	0	0	1	100000	100000	100000	100000	0	0	0	134.404	43	0	0	0	1000	2000	1	1	1	0	1	0	1	0	1	0
129.492	0	0	1	34159	34159	34159	34159	1	1	0	136.05	33	0	0	0	1000	2000	1	1	1	1	1	1	1	1	1	0
131.44	2	1	1	70000	70000	70000	70000	0	1	0	138.153	24	10	0	1000000	1000	2000	1	1	1	1	1	0	1	1	1	0
131.577	0	1	1	80000	80000	80000	80000	0	1	1	138.304	63	0	0	1000000	2000	5000	1	1	1	1	1	0	1	1	1	0
131.782	0	2	1	50138	50138	50138	50138	1	1	0	138.534	15	0	0	0	1000	2000	1	1	1	1	1	0	1	0	0	0
133.489	0	1	1	35000	0	0	35000	0	1	0	140.384	4	11	0	0	1000	2000	1	1	1	0	0	0	0	0	0	0
135.299	0	1	2	180000	180000	280000	280000	0	1	0	142.349	16	0	1000000	10000000	2000	5000	1	1	1	1	1	1	0	0	1	0
135.886	7	3	1	25000	25000	25000	25000	1	1	1	142.969	6	9	0	1000000	1000	2000	1	1	1	1	1	1	1	0	1	0
138.041	0	1	1	67000	67000	67000	67000	0	1	0	145.326	10	0	0	0	2000	5000	1	1	1	0	0	0	1	1	1	0
139.058	0	1	1	18931	0	0	18931	0	1	0	146.432	21	0	0	0	1000	2000	1	1	1	1	1	0	0	0	1	0
139.662	0	1	1	400000	400000	400000	400000	0	0	1	147.094	17	6	1000000	10000000	2000	5000	1	1	1	1	1	1	1	1	1	0
140.787	0	1	1	40872	40872	40872	40872	0	1	0	148.327	31	0	0	1000000	1000	2000	1	1	1	1	1	1	1	1	1	0
143.476	0	3	1	40000	40000	40000	40000	0	1	0	151.298	1	8	0	1000000	1000	2000	1	1	1	1	1	1	0	0	1	0
145.529	1	2	1	50000	50000	50000	50000	0	1	0	153.554	21	4	0	0	1000	2000	1	1	1	1	1	0	1	1	0	0
146.718	0	1	1	500000	0	0	500000	0	0	0	154.849	9	8	0	0	1000	2000	1	1	1	0	1	0	1	1	1	0
147.626	0	4	1	50000	50000	50000	50000	0	1	0	155.849	23	0	0	0	2000	5000	1	1	1	1	1	0	1	1	0	0
147.969	0	1	1	100000	100000	100000	100000	0	0	0	156.219	0	0	0	0	1000	2000	1	1	1	0	0	0	0	0	1	0
156.153	10	1	1	35000	0	0	35000	0	1	0	165.227	11	0	0	0	1000	2000	1	1	1	0	1	1	1	1	1	0
156.877	4	3	1	25000	25000	25000	25000	0	1	0	166.005	7	4	0	0	1000	2000	1	1	1	1	1	1	1	1	1	0
159.385	0	2	1	40000	40000	40000	40000	0	0	0	168.768	23	7	0	0	1000	2000	1	1	1	1	1	1	1	0	1	0
164.346	0	4	1	40000	40000	40000	40000	1	1	0	174.236	7	3	0	0	51	100	1	1	1	1	1	0	1	0	0	0
165.405	0	0	2	44254	0	0	92938	0	1	0	175.39	5	0	0	0	1000	2000	1	1	1	1	1	0	0	0	1	0
168.945	0	2	1	25000	25000	25000	25000	0	1	0	179.246	3	5	1000000	10000000	1000	2000	1	1	1	1	1	1	1	0	1	0
169.371	0	1	1	35000	0	0	35000	0	0	1	179.713	4	0	0	0	1000	2000	1	1	1	1	1	1	1	1	1	0
170.585	0	1	5	45325	241743	304818	423529	0	1	0	181.043	13	14	0	0	2000	5000	1	1	1	1	1	0	1	1	1	0
175.022	0	0	1	32409	0	0	32409	0	1	0	185.948	9	0	0	0	1000	2000	1	1	1	1	1	0	1	0	1	0
175.191	0	1	1	39253	39253	39253	39253	0	1	0	186.135	1	0	0	1000000	1000	2000	1	1	1	1	0	0	0	0	1	0
175.211	0	0	1	1000	1000	1000	1000	0	1	0	186.158	1	0	0	0	1000	2000	1	1	1	1	1	0	1	1	1	0
177.958	0	3	1	25000	25000	25000	25000	0	0	0	189.179	15	0	0	0	1000	2000	1	1	1	1	1	0	1	1	1	0
187.62	0	2	1	25000	25000	25000	25000	0	1	0	199.701	10	0	0	1000000	1000	2000	1	1	1	1	1	0	0	0	1	0
187.741	0	0	1	20000	20000	20000	20000	0	0	0	199.834	7	0	1000000	10000000	1000	2000	1	1	1	0	0	1	1	1	1	0
189.089	0	1	1	40000	40000	40000	40000	0	1	0	201.314	11	6	0	1000000	1000	2000	1	1	1	1	0	0	1	1	1	0
190.736	0	1	2	30000	30000	30000	30000	0	2	0	203.121	3	17	0	0	1000	2000	1	1	1	1	1	0	1	1	1	0
205.701	0	2	1	25000	25000	25000	25000	0	1	0	219.481	10	0	0	0	1000	2000	1	1	1	0	0	1	0	1	1	0
208.953	0	1	1	11375471	11375471	11375471	11375471	1	1	0	223.007	22	8	1000000	10000000	2000	5000	1	1	1	0	0	0	0	1	1	0
248.15	2	1	1	1300000	1300000	1300000	1300000	1	1	0	265.354	5	13	0	0	2000	5000	1	1	1	1	1	0	1	1	1	0
273.445	2	0	1	140000000	0	0	140000000	0	1	0	292.453	23	13	0	0	501	1000	1	0	1	1	1	0	1	1	1	0
284.179	0	2	1	25000	25000	25000	25000	0	0	0	303.951	0	0	0	0	1000	2000	1	1	1	1	1	0	0	0	1	0
284.601	0	1	1	34643	0	0	34643	0	1	0	304.398	13	11	0	1000000	1000	2000	1	1	1	1	1	0	1	0	1	0
297.414	0	2	1	50000	50000	50000	50000	0	1	0	318.123	0	1	0	0	1000	2000	1	1	1	1	0	0	1	0	0	0
312.258	0	0	1	34917	0	0	34917	0	1	0	333.974	0	0	0	0	1000	2000	1	1	0	0	0	0	0	0	1	0
374.3	0	2	1	9000	0	0	9000	0	1	0	399.973	1	0	0	0	0	0	1	1	1	1	1	1	0	0	0	0
387.031	6	2	3	3200000	3200000	4700000	4700000	0	0	0	413.434	15	23	0	0	2000	5000	1	1	1	1	1	0	1	0	1	0
454.636	0	2	1	7500	7500	7500	7500	0	0	0	484.706	16	8	1000000	10000000	1000	2000	1	1	1	1	1	0	1	1	1	0
461.041	0	1	1	35201	35201	35201	35201	0	1	0	491.434	0	0	0	0	0	0	1	1	0	0	0	0	0	0	1	0
483.454	0	2	1	16725	16725	16725	16725	0	1	0	514.923	0	0	0	0	0	0	1	1	0	1	1	0	0	0	0	0
515.168	0	0	1	250000	0	0	250000	0	1	0	548.203	1	6	0	0	1000	2000	1	1	1	1	0	0	1	1	1	0
562.048	1	2	1	75000	75000	75000	75000	0	2	0	597.347	1	4	0	0	1000	2000	1	1	1	0	0	0	1	1	1	0
